image_width: 1440
image_height: 1080
camera_matrix:
  rows: 3
  cols: 3
  data: [1737.4377605779737, 0.0, 702.4932726046318, 0.0, 1737.6930806763257, 498.25742678352486,
    0.0, 0.0, 1.0]
distortion_coefficients:
  rows: 1
  cols: 5
  data: [-0.27600487852526623, 0.1442307467435764, -0.0002840013469349706, -1.1839410845486609e-05,
    0.01173511662790394]
rectification_matrix:
  rows: 3
  cols: 3
  data: [0.999744425770774, -0.019812716754982675, -0.010887579852841625, 0.019834706359495666,
    0.9998014380589841, 0.0019154317580957214, 0.010847468086966449, -0.0021308941724472045,
    0.9999388939960921]
projection_matrix:
  rows: 3
  cols: 4
  data: [1712.8037954684387, 0.0, 731.2537536621094, 0.0, 0.0, 1712.8037954684387,
    490.99501037597656, 0.0, 0.0, 0.0, 1.0, 0.0]
transforms:
  firefly_right:
    R: [0.9999943661975282, 0.0021757396138823945, 0.0025561162603544457, -0.0021893976314029287,
      0.9999832775497405, 0.005352677730844204, -0.0025444274828481067, -0.005358243929801171,
      0.9999824074006369]
    t: [-0.059451745975299654, 0.0004922954892729447, 0.0006771554323704022]
  ximea:
    R: [0.9998125354717147, 0.007044913087015643, 0.018035052348625114, -0.007058326872119101,
      0.9999748583483521, 0.000680215377226101, -0.0180298068594085, -0.0008073851556036794,
      0.9998371238325885]
    t: [-0.030261420212934348, -0.035675224316069794, 0.0046758827763858386]
  zed_left:
    R: [0.999889721118194, 0.003990021492102778, 0.014304731059087574, -0.003953091627621569,
      0.9999887830284745, -0.0026090005393284155, -0.014314980571551434, 0.0025521649090812365,
      0.999894278304218]
    t: [0.03032967681120744, -0.0717290623558377, -0.00831379541995728]
  zed_right:
    R: [0.9999457438052415, 0.003944751183866805, 0.009640974218397356, -0.003914617727139191,
      0.9999874003519731, -0.0031424362130489016, -0.009653248874487215, 0.003104524987835494,
      0.999948587033737]
    t: [-0.09129551836803991, -0.07107980247880873, -0.011537227519822191]
