image_width: 1440
image_height: 1080
camera_matrix:
  rows: 3
  cols: 3
  data: [1737.232170667154, 0.0, 726.2480926567124, 0.0, 1734.4835277629297, 494.62672096963973,
    0.0, 0.0, 1.0]
distortion_coefficients:
  rows: 1
  cols: 5
  data: [-0.2686089205860596, -0.1520976734036411, 0.00010248146147946587, 0.0007767579528229722,
    1.9708459295226126]
rectification_matrix:
  rows: 3
  cols: 3
  data: [0.999560434219451, -0.0009206219717395815, 0.02963259688599458, 0.0009658314124442119,
    0.9999983914354903, -0.0015113888032851144, -0.029631157802310758, 0.0015393445413908896,
    0.9995597155276305]
projection_matrix:
  rows: 3
  cols: 4
  data: [1709.971343711179, 0.0, 658.1530075073242, -102.32840551024162, 0.0, 1709.971343711179,
    492.30355072021484, 0.0, 0.0, 0.0, 1.0, 0.0]
transforms:
  firefly_left:
    R: [0.9999742065608818, -0.002492588924635322, -0.0067359641765517295, 0.002465113212470814,
      0.9999886212543537, -0.004084186414246842, 0.00674606772755097, 0.004067476154742887,
      0.9999689726226239]
    t: [0.06000514279533866, 0.0007207979673572683, 0.0022271877771198223]
