image_width: 1440
image_height: 1080
camera_matrix:
  rows: 3
  cols: 3
  data: [1738.3586403799327, 0.0, 724.7904096784737, 0.0, 1737.6050166565872, 493.3731832977721,
    0.0, 0.0, 1.0]
distortion_coefficients:
  rows: 1
  cols: 5
  data: [-0.22939578483061654, -0.40248069905261274, -0.0010788431983495281, -0.0001186736510755584,
    1.9671228978693216]
rectification_matrix:
  rows: 3
  cols: 3
  data: [0.9993512836975538, 0.0015229066492615665, 0.03598183607584396, -0.001577805307011213,
    0.9999976341793649, 0.0014973864183953267, -0.0359794705695406, -0.0015531873713311123,
    0.9993513222618586]
projection_matrix:
  rows: 3
  cols: 4
  data: [1709.971343711179, 0.0, 658.1530075073242, 0.0, 0.0, 1709.971343711179, 492.30355072021484,
    0.0, 0.0, 0.0, 1.0, 0.0]
transforms:
  firefly_right:
    R: [0.9999742065608818, 0.002465113212470814, 0.00674606772755097, -0.002492588924635322,
      0.9999886212543537, 0.004067476154742887, -0.0067359641765517295, -0.004084186414246842,
      0.9999689726226239]
    t: [-0.06002039666452046, -0.0005802806444032814, -0.001819982307780205]
  ximea:
    R: [0.9999211304621284, 0.007315001264085332, 0.01020899661306911, -0.007296711154850147,
      0.9999717084199248, -0.0018276668349608627, -0.010222077169632013, 0.0017530305882557807,
      0.9999462165647184]
    t: [-0.031984448675398076, -0.04091308277337431, 0.0010127624298895488]
  zed_left:
    R: [0.9999374333693062, 0.004798022127307252, 0.01010486667255805, -0.004752389633859041,
      0.9999784237187277, -0.004535073293428783, -0.010126408029123334, 0.004486767285546671,
      0.9999386605086099]
    t: [0.029468330681490393, -0.07179738659996028, -0.01448903188780266]
  zed_right:
    R: [0.9999844951923873, 0.0051701635240280494, -0.002068522168356642, -0.005175851114270039,
      0.9999828135608156, -0.002753751665964853, 0.0020542492714085586, 0.0027644153323450648,
      0.9999940690163123]
    t: [-0.08859204610988071, -0.07127714150021074, -0.019012536193811488]
