image_width: 1440
image_height: 1080
camera_matrix:
  rows: 3
  cols: 3
  data: [1741.0679074195828, 0.0, 709.4238146050744, 0.0, 1740.735774712157, 494.50141090736764,
    0.0, 0.0, 1.0]
distortion_coefficients:
  rows: 1
  cols: 5
  data: [-0.2781331273748868, 0.09630586229786808, 0.000587741906195507, 0.0001296269789746556,
    0.17755019473363237]
rectification_matrix:
  rows: 3
  cols: 3
  data: [0.999643667006589, -0.022399766705621296, -0.014518590329415208, 0.022370342879893985,
    0.9997473628998668, -0.002185894370256974, 0.014563885918793268, 0.0018603296201709905,
    0.9998922103910244]
projection_matrix:
  rows: 3
  cols: 4
  data: [1712.8037954684387, 0.0, 731.2537536621094, -103.21180621608913, 0.0, 1712.8037954684387,
    490.99501037597656, 0.0, 0.0, 0.0, 1.0, 0.0]
transforms:
  firefly_left:
    R: [0.9999943661975282, -0.0021893976314029287, -0.0025444274828481067, 0.0021757396138823945,
      0.9999832775497405, -0.005358243929801171, 0.0025561162603544457, 0.005352677730844204,
      0.9999824074006369]
    t: [0.05945421183937667, -0.0003593073740681491, -0.0005278130439546749]
