image_width: 2048
image_height: 1088
camera_matrix:
  rows: 3
  cols: 3
  data: [2927.1046577329275, 0.0, 1028.475342828157, 0.0, 2925.1897314782927, 557.0935930855056,
    0.0, 0.0, 1.0]
distortion_coefficients:
  rows: 1
  cols: 5
  data: [-0.07798719062309421, -0.38548659059491136, 0.0005012561760324768, 0.0008999512836182466,
    0.6207422431300513]
rectification_matrix:
  rows: 3
  cols: 3
  data: [1.0, 0.0, 0.0, 0.0, 1.0, 0.0, 0.0, 0.0, 1.0]
projection_matrix:
  rows: 3
  cols: 4
  data: [2927.104736328125, 0.0, 1028.475341796875, 0.0, 0.0, 2925.189697265625, 557.0935668945312,
    0.0, 0.0, 0.0, 1.0, 0.0]
transforms:
  firefly_left:
    R: [0.9999211304621284, -0.007296711154850147, -0.010222077169632013, 0.007315001264085332,
      0.9999717084199248, 0.0017530305882557807, 0.01020899661306911, -0.0018276668349608627,
      0.9999462165647184]
    t: [0.031693747664973015, 0.04114411615659028, -0.0007609543163498283]
