image_width: 2048
image_height: 1088
camera_matrix:
  rows: 3
  cols: 3
  data: [2936.372218898136, 0.0, 962.4673416385475, 0.0, 2938.4829343043007, 533.1870572098809,
    0.0, 0.0, 1.0]
distortion_coefficients:
  rows: 1
  cols: 5
  data: [-0.016610862649983252, -3.2038105117892344, 0.001134312911267026, -0.0031614099689321515,
    25.60466437656544]
rectification_matrix:
  rows: 3
  cols: 3
  data: [1.0, 0.0, 0.0, 0.0, 1.0, 0.0, 0.0, 0.0, 1.0]
projection_matrix:
  rows: 3
  cols: 4
  data: [2936.372314453125, 0.0, 962.4673461914062, 0.0, 0.0, 2938.48291015625, 533.1870727539062,
    0.0, 0.0, 0.0, 1.0, 0.0]
transforms:
  firefly_left:
    R: [0.9998125354717147, -0.007058326872119101, -0.0180298068594085, 0.007044913087015643,
      0.9999748583483521, -0.0008073851556036794, 0.018035052348625114, 0.000680215377226101,
      0.9998371238325885]
    t: [0.030088245138965367, 0.03589129169564036, -0.004105088052670161]
