image_width: 2208
image_height: 1242
camera_matrix:
  rows: 3
  cols: 3
  data: [1048.730509275426, 0.0, 1133.2164111370914, 0.0, 1049.9606319891432, 637.9925903593555,
    0.0, 0.0, 1.0]
distortion_coefficients:
  rows: 1
  cols: 5
  data: [-0.02324267361938387, 0.030768407544153456, 0.001316575322407587, 0.00589282712303632,
    0.02764145902436549]
rectification_matrix:
  rows: 3
  cols: 3
  data: [0.9995614730913788, -0.001842143459521784, 0.029554492363554945, 0.001806512361253512,
    0.9999976090180275, 0.0012322626817493807, -0.0295566917039361, -0.0011783317456196107,
    0.999562411012847]
projection_matrix:
  rows: 3
  cols: 4
  data: [1170.4717659088965, 0.0, 1066.709228515625, 0.0, 0.0, 1170.4717659088965,
    636.113525390625, 0.0, 0.0, 0.0, 1.0, 0.0]
transforms:
  firefly_left:
    R: [0.9999374333693062, -0.004752389633859041, -0.010126408029123334, 0.004798022127307252,
      0.9999784237187277, 0.004486767285546671, 0.01010486667255805, -0.004535073293428783,
      0.9999386605086099]
    t: [-0.02995441795198617, 0.07171945669096122, 0.013864763174849155]
