image_width: 2208
image_height: 1242
camera_matrix:
  rows: 3
  cols: 3
  data: [1058.404458409046, 0.0, 1113.625325374467, 0.0, 1058.6551562250716, 639.07957917239,
    0.0, 0.0, 1.0]
distortion_coefficients:
  rows: 1
  cols: 5
  data: [0.0012082327609732797, -0.010670944392087572, 0.0003770331860808687, -0.0020596769492188865,
    0.004710592433187204]
rectification_matrix:
  rows: 3
  cols: 3
  data: [0.9997535568432272, -0.0023464806532264536, 0.02207531671030819, 0.0023478353772962836,
    0.9999972432023454, -3.54506750908766e-05, -0.022075172668803614, 8.72711480520771e-05,
    0.9997563098752562]
projection_matrix:
  rows: 3
  cols: 4
  data: [1086.3801445764097, 0.0, 1053.5737762451172, 0.0, 0.0, 1086.3801445764097,
    639.4945907592773, 0.0, 0.0, 0.0, 1.0, 0.0]
transforms:
  firefly_left:
    R: [0.999889721118194, -0.003953091627621569, -0.014314980571551434, 0.003990021492102778,
      0.9999887830284745, 0.0025521649090812365, 0.014304731059087574, -0.0026090005393284155,
      0.999894278304218]
    t: [-0.03072889546413171, 0.07162845988759456, 0.007691917439141828]
