image_width: 2208
image_height: 1242
camera_matrix:
  rows: 3
  cols: 3
  data: [1045.8434955375208, 0.0, 1142.5071735995466, 0.0, 1042.9525049487604, 634.6733277890953,
    0.0, 0.0, 1.0]
distortion_coefficients:
  rows: 1
  cols: 5
  data: [-0.021330988062269757, 0.2804109966619446, -0.0001729107378394579, 0.007856738542337325,
    -1.1909785493410985]
rectification_matrix:
  rows: 3
  cols: 3
  data: [0.9992396647830153, -0.0016827264342455612, 0.03895203147558203, 0.0017296880618802352,
    0.9999978173440605, -0.0011719583284962103, -0.038949974371439974, 0.0012384421111355124,
    0.9992403943784506]
projection_matrix:
  rows: 3
  cols: 4
  data: [1170.4717659088965, 0.0, 1066.709228515625, -140.33962241388784, 0.0, 1170.4717659088965,
    636.113525390625, 0.0, 0.0, 0.0, 1.0, 0.0]
transforms:
  firefly_left:
    R: [0.9999844951923873, -0.005175851114270039, 0.0020542492714085586, 0.0051701635240280494,
      0.9999828135608156, 0.0027644153323450648, -0.002068522168356642, -0.002753751665964853,
      0.9999940690163123]
    t: [0.08826080912361768, 0.07178651041183036, 0.01863288927229968]
