image_width: 2208
image_height: 1242
camera_matrix:
  rows: 3
  cols: 3
  data: [1053.6372840207825, 0.0, 1121.0018395080447, 0.0, 1053.497958324742, 638.4414260284105,
    0.0, 0.0, 1.0]
distortion_coefficients:
  rows: 1
  cols: 5
  data: [-0.01048212484731747, 0.006890734267277211, 6.142262200407917e-05, -0.0016553301548676617,
    -0.003912337774722276]
rectification_matrix:
  rows: 3
  cols: 3
  data: [0.9995853285020574, -0.0025020417550308035, 0.028686422406606793, 0.0025002812343130677,
    0.9999968695641122, 9.724055379252586e-05, -0.028686575905526472, -2.5476107283608814e-05,
    0.9995884551723196]
projection_matrix:
  rows: 3
  cols: 4
  data: [1086.3801445764097, 0.0, 1053.5737762451172, -130.64665894551885, 0.0, 1086.3801445764097,
    639.4945907592773, 0.0, 0.0, 0.0, 1.0, 0.0]
transforms:
  firefly_left:
    R: [0.9999457438052415, -0.003914617727139191, -0.009653248874487215, 0.003944751183866805,
      0.9999874003519731, 0.003104524987835494, 0.009640974218397356, -0.0031424362130489016,
      0.999948587033737]
    t: [0.09090094303721923, 0.07147486261360536, 0.01219344835024867]
