# oST version 5.0 parameters


[image]

width
1920

height
1080

[narrow_stereo/left]

camera matrix
1059.360276 0.000000 970.834013
0.000000 1060.966870 560.934303
0.000000 0.000000 1.000000

distortion
0.001269 0.000482 -0.000113 -0.001515 0.000000

rectification
0.999425 0.001936 -0.033848
-0.001955 0.999998 -0.000520
0.033847 0.000586 0.999427

projection
1096.899424 0.000000 1031.426346 0.000000
0.000000 1096.899424 561.550667 0.000000
0.000000 0.000000 1.000000 0.000000
# oST version 5.0 parameters


[image]

width
1920

height
1080

[narrow_stereo/right]

camera matrix
1066.444411 0.000000 974.783867
0.000000 1067.431814 562.473773
0.000000 0.000000 1.000000

distortion
0.000737 -0.001881 0.000007 -0.000908 0.000000

rectification
0.999540 0.001978 -0.030268
-0.001961 0.999998 0.000582
0.030269 -0.000523 0.999542

projection
1096.899424 0.000000 1031.426346 -132.358877
0.000000 1096.899424 561.550667 0.000000
0.000000 0.000000 1.000000 0.000000
